"age" "year" "gender_name" "Freq" "unhealthy" "cohort"
"1" 50 1994 "female" 57 0.01 1944
"2" 51 1994 "female" 50 0.0109417011863654 1943
"3" 52 1994 "female" 54 0.0119720824851709 1942
"4" 53 1994 "female" 72 0.0130994949131259 1941
"5" 54 1994 "female" 51 0.0143330759031737 1940
"6" 55 1994 "female" 73 0.015682823361402 1939
"7" 56 1994 "female" 50 0.0171596766979011 1938
"8" 57 1994 "female" 68 0.018775605488307 1937
"9" 58 1994 "female" 52 0.0205437064846137 1936
"10" 59 1994 "female" 79 0.022478309761504 1935
"11" 60 1994 "female" 85 0.0245950948584936 1934
"12" 61 1994 "female" 65 0.0269112178591949 1933
"13" 62 1994 "female" 70 0.0294454504376489 1932
"14" 63 1994 "female" 81 0.0322183319986686 1931
"15" 64 1994 "female" 99 0.0352523361452545 1930
"16" 65 1994 "female" 58 0.0385720528222682 1929
"17" 66 1994 "female" 97 0.042204387612596 1928
"18" 67 1994 "female" 82 0.0461787798010566 1927
"19" 68 1994 "female" 79 0.0505274409734126 1926
"20" 69 1994 "female" 56 0.0552856160842794 1925
"21" 70 1994 "female" 63 0.06049186910983 1924
"22" 71 1994 "female" 81 0.0661883956004486 1923
"23" 72 1994 "female" 73 0.0724213646665048 1922
"24" 73 1994 "female" 66 0.0792412931689695 1921
"25" 74 1994 "female" 92 0.0867034551476039 1920
"26" 75 1994 "female" 60 0.0948683298050514 1919
"27" 76 1994 "female" 52 0.103802091677643 1918
"28" 77 1994 "female" 94 0.113577146965648 1917
"29" 78 1994 "female" 75 0.124272720369802 1916
"30" 79 1994 "female" 83 0.135975497190311 1915
"31" 80 1994 "female" 81 0.148780325892385 1914
"32" 81 1994 "female" 78 0.162790986832454 1913
"33" 82 1994 "female" 71 0.178121033375425 1912
"34" 83 1994 "female" 97 0.194894712220051 1911
"35" 84 1994 "female" 90 0.213247970391447 1910
"36" 85 1994 "female" 76 0.23332955706221 1909
"37" 86 1994 "female" 69 0.255302229132169 1908
"38" 87 1994 "female" 92 0.279344070337717 1907
"39" 88 1994 "female" 53 0.305649934581833 1906
"40" 89 1994 "female" 87 0.334433025182654 1905
"41" 90 1994 "female" 76 0.365926622840081 1904
"42" 91 1994 "female" 85 0.400385976325198 1903
"43" 92 1994 "female" 89 0.438090371216148 1902
"44" 93 1994 "female" 58 0.479345393447097 1901
"45" 94 1994 "female" 99 0.524485406015887 1900
"46" 95 1994 "female" 91 0.573876258923536 1899
"47" 96 1994 "female" 61 0.627918254309057 1898
"48" 97 1994 "female" 81 0.687049390811387 1897
"49" 98 1994 "female" 97 0.751748913453256 1896
"50" 99 1994 "female" 77 0.822541197818037 1895
"51" 100 1994 "female" 72 0.9 1894
"52" 50 1994 "male" 56 0.01 1944
"53" 51 1994 "male" 51 0.0108868430207819 1943
"54" 52 1994 "male" 93 0.0118523350959147 1942
"55" 53 1994 "male" 68 0.0129034511618927 1941
"56" 54 1994 "male" 88 0.0140477847225851 1940
"57" 55 1994 "male" 73 0.0152936027064522 1939
"58" 56 1994 "male" 99 0.016649905188735 1938
"59" 57 1994 "male" 89 0.0181264904100659 1937
"60" 58 1994 "male" 98 0.0197340255612096 1936
"61" 59 1994 "male" 96 0.0214841238452986 1935
"62" 60 1994 "male" 66 0.0233894283742802 1934
"63" 61 1994 "male" 63 0.025463703505661 1933
"64" 62 1994 "male" 97 0.0277219342793864 1932
"65" 63 1994 "male" 99 0.0301804346732112 1931
"66" 64 1994 "male" 75 0.0328569654586212 1930
"67" 65 1994 "male" 58 0.0357708625087262 1929
"68" 66 1994 "male" 75 0.0389431764850473 1928
"69" 67 1994 "male" 59 0.0423968249123314 1927
"70" 68 1994 "male" 82 0.0461567577400126 1926
"71" 69 1994 "male" 67 0.0502501375863776 1925
"72" 70 1994 "male" 84 0.0547065359675584 1924
"73" 71 1994 "male" 53 0.0595581469289566 1923
"74" 72 1994 "male" 82 0.0648400196224212 1922
"75" 73 1994 "male" 83 0.0705903115093716 1921
"76" 74 1994 "male" 89 0.076850564019062 1920
"77" 75 1994 "male" 81 0.0836660026534076 1919
"78" 76 1994 "male" 63 0.0910858637063968 1918
"79" 77 1994 "male" 75 0.0991637499583874 1917
"80" 78 1994 "male" 99 0.107958017914903 1916
"81" 79 1994 "male" 52 0.11753219938743 1915
"82" 80 1994 "male" 87 0.127955460461819 1914
"83" 81 1994 "male" 84 0.139303101169969 1913
"84" 82 1994 "male" 94 0.151657099474554 1912
"85" 83 1994 "male" 79 0.165106703496657 1911
"86" 84 1994 "male" 65 0.179749076264689 1910
"87" 85 1994 "male" 53 0.195689997642421 1909
"88" 86 1994 "male" 97 0.213044628507022 1908
"89" 87 1994 "male" 59 0.231938342697673 1907
"90" 88 1994 "male" 91 0.252507632744988 1906
"91" 89 1994 "male" 55 0.274901095924392 1905
"92" 90 1994 "male" 96 0.299280507756976 1904
"93" 91 1994 "male" 98 0.325821990713009 1903
"94" 92 1994 "male" 88 0.354717286561118 1902
"95" 93 1994 "male" 72 0.386175141554859 1901
"96" 94 1994 "male" 89 0.420422814463596 1900
"97" 95 1994 "male" 77 0.457707718342048 1899
"98" 96 1994 "male" 85 0.498299207899011 1898
"99" 97 1994 "male" 69 0.542490525377649 1897
"100" 98 1994 "male" 95 0.590600919004795 1896
"101" 99 1994 "male" 69 0.642977949313471 1895
"102" 100 1994 "male" 98 0.7 1894
"103" 50 1996 "female" 81 0.0101 1946
"104" 51 1996 "female" 61 0.011051118198229 1945
"105" 52 1996 "female" 77 0.0120918033100226 1944
"106" 53 1996 "female" 88 0.0132304898622571 1943
"107" 54 1996 "female" 62 0.0144764066622054 1942
"108" 55 1996 "female" 75 0.015839651595016 1941
"109" 56 1996 "female" 56 0.0173312734648801 1940
"110" 57 1996 "female" 54 0.0189633615431901 1939
"111" 58 1996 "female" 56 0.0207491435494599 1938
"112" 59 1996 "female" 72 0.022703092859119 1937
"113" 60 1996 "female" 75 0.0248410458070786 1936
"114" 61 1996 "female" 76 0.0271803300377868 1935
"115" 62 1996 "female" 59 0.0297399049420254 1934
"116" 63 1996 "female" 66 0.0325405153186553 1933
"117" 64 1996 "female" 91 0.0356048595067071 1932
"118" 65 1996 "female" 84 0.0389577733504909 1931
"119" 66 1996 "female" 74 0.042626431488722 1930
"120" 67 1996 "female" 66 0.0466405675990671 1929
"121" 68 1996 "female" 93 0.0510327153831467 1928
"122" 69 1996 "female" 84 0.0558384722451222 1927
"123" 70 1996 "female" 60 0.0610967878009283 1926
"124" 71 1996 "female" 73 0.0668502795564531 1925
"125" 72 1996 "female" 75 0.0731455783131699 1924
"126" 73 1996 "female" 59 0.0800337061006592 1923
"127" 74 1996 "female" 62 0.08757048969908 1922
"128" 75 1996 "female" 97 0.0958170131031019 1921
"129" 76 1996 "female" 54 0.10484011259442 1920
"130" 77 1996 "female" 97 0.114712918435304 1919
"131" 78 1996 "female" 62 0.1255154475735 1918
"132" 79 1996 "female" 80 0.137335252162214 1917
"133" 80 1996 "female" 74 0.150268129151309 1916
"134" 81 1996 "female" 59 0.164418896700778 1915
"135" 82 1996 "female" 63 0.179902243709179 1914
"136" 83 1996 "female" 61 0.196843659342251 1913
"137" 84 1996 "female" 65 0.215380450095361 1912
"138" 85 1996 "female" 66 0.235662852632832 1911
"139" 86 1996 "female" 95 0.257855251423491 1910
"140" 87 1996 "female" 71 0.282137511041095 1909
"141" 88 1996 "female" 99 0.308706433927652 1908
"142" 89 1996 "female" 97 0.337777355434481 1907
"143" 90 1996 "female" 97 0.369585889068481 1906
"144" 91 1996 "female" 59 0.40438983608845 1905
"145" 92 1996 "female" 98 0.442471274928309 1904
"146" 93 1996 "female" 85 0.484138847381568 1903
"147" 94 1996 "female" 59 0.529730260076046 1902
"148" 95 1996 "female" 52 0.579615021512771 1901
"149" 96 1996 "female" 96 0.634197436852148 1900
"150" 97 1996 "female" 95 0.693919884719501 1899
"151" 98 1996 "female" 70 0.759266402587789 1898
"152" 99 1996 "female" 54 0.830766609796218 1897
"153" 100 1996 "female" 57 0.909 1896
"154" 50 1996 "male" 84 0.0101 1946
"155" 51 1996 "male" 96 0.0109957114509897 1945
"156" 52 1996 "male" 80 0.0119708584468738 1944
"157" 53 1996 "male" 72 0.0130324856735116 1943
"158" 54 1996 "male" 95 0.014188262569811 1942
"159" 55 1996 "male" 82 0.0154465387335167 1941
"160" 56 1996 "male" 61 0.0168164042406223 1940
"161" 57 1996 "male" 53 0.0183077553141666 1939
"162" 58 1996 "male" 65 0.0199313658168217 1938
"163" 59 1996 "male" 75 0.0216989650837516 1937
"164" 60 1996 "male" 87 0.023623322658023 1936
"165" 61 1996 "male" 83 0.0257183405407176 1935
"166" 62 1996 "male" 54 0.0279991536221803 1934
"167" 63 1996 "male" 88 0.0304822390199433 1933
"168" 64 1996 "male" 97 0.0331855351132075 1932
"169" 65 1996 "male" 59 0.0361285711338134 1931
"170" 66 1996 "male" 81 0.0393326082498978 1930
"171" 67 1996 "male" 83 0.0428207931614547 1929
"172" 68 1996 "male" 52 0.0466183253174128 1928
"173" 69 1996 "male" 61 0.0507526389622414 1927
"174" 70 1996 "male" 57 0.055253601327234 1926
"175" 71 1996 "male" 78 0.0601537283982461 1925
"176" 72 1996 "male" 75 0.0654884198186454 1924
"177" 73 1996 "male" 90 0.0712962146244653 1923
"178" 74 1996 "male" 80 0.0776190696592527 1922
"179" 75 1996 "male" 71 0.0845026626799416 1921
"180" 76 1996 "male" 70 0.0919967223434607 1920
"181" 77 1996 "male" 82 0.100155387457971 1919
"182" 78 1996 "male" 80 0.109037598094052 1918
"183" 79 1996 "male" 67 0.118707521381305 1917
"184" 80 1996 "male" 82 0.129235015066437 1916
"185" 81 1996 "male" 94 0.140696132181668 1915
"186" 82 1996 "male" 59 0.1531736704693 1914
"187" 83 1996 "male" 80 0.166757770531624 1913
"188" 84 1996 "male" 73 0.181546567027335 1912
"189" 85 1996 "male" 64 0.197646897618846 1911
"190" 86 1996 "male" 74 0.215175074792092 1910
"191" 87 1996 "male" 51 0.23425772612465 1909
"192" 88 1996 "male" 74 0.255032709072438 1908
"193" 89 1996 "male" 77 0.277650106883636 1907
"194" 90 1996 "male" 88 0.302273312834546 1906
"195" 91 1996 "male" 92 0.329080210620139 1905
"196" 92 1996 "male" 76 0.358264459426729 1904
"197" 93 1996 "male" 98 0.390036892970407 1903
"198" 94 1996 "male" 65 0.424627042608232 1902
"199" 95 1996 "male" 61 0.462284795525468 1901
"200" 96 1996 "male" 72 0.503282199978002 1900
"201" 97 1996 "male" 69 0.547915430631425 1899
"202" 98 1996 "male" 98 0.596506928194843 1898
"203" 99 1996 "male" 59 0.649407728806606 1897
"204" 100 1996 "male" 84 0.707 1896
"205" 50 1998 "female" 71 0.0102 1948
"206" 51 1998 "female" 91 0.0111605352100927 1947
"207" 52 1998 "female" 74 0.0122115241348743 1946
"208" 53 1998 "female" 77 0.0133614848113884 1945
"209" 54 1998 "female" 86 0.0146197374212371 1944
"210" 55 1998 "female" 74 0.01599647982863 1943
"211" 56 1998 "female" 62 0.0175028702318591 1942
"212" 57 1998 "female" 69 0.0191511175980732 1941
"213" 58 1998 "female" 54 0.020954580614306 1940
"214" 59 1998 "female" 92 0.0229278759567341 1939
"215" 60 1998 "female" 98 0.0250869967556635 1938
"216" 61 1998 "female" 78 0.0274494422163788 1937
"217" 62 1998 "female" 100 0.0300343594464019 1936
"218" 63 1998 "female" 98 0.032862698638642 1935
"219" 64 1998 "female" 54 0.0359573828681596 1934
"220" 65 1998 "female" 84 0.0393434938787136 1933
"221" 66 1998 "female" 94 0.0430484753648479 1932
"222" 67 1998 "female" 90 0.0471023553970777 1931
"223" 68 1998 "female" 51 0.0515379897928808 1930
"224" 69 1998 "female" 80 0.056391328405965 1929
"225" 70 1998 "female" 98 0.0617017064920266 1928
"226" 71 1998 "female" 83 0.0675121635124575 1927
"227" 72 1998 "female" 89 0.0738697919598349 1926
"228" 73 1998 "female" 71 0.0808261190323489 1925
"229" 74 1998 "female" 87 0.088437524250556 1924
"230" 75 1998 "female" 84 0.0967656964011524 1923
"231" 76 1998 "female" 63 0.105878133511196 1922
"232" 77 1998 "female" 75 0.11584868990496 1921
"233" 78 1998 "female" 94 0.126758174777198 1920
"234" 79 1998 "female" 55 0.138695007134118 1919
"235" 80 1998 "female" 52 0.151755932410233 1918
"236" 81 1998 "female" 79 0.166046806569103 1917
"237" 82 1998 "female" 76 0.181683454042933 1916
"238" 83 1998 "female" 91 0.198792606464452 1915
"239" 84 1998 "female" 54 0.217512929799276 1914
"240" 85 1998 "female" 64 0.237996148203454 1913
"241" 86 1998 "female" 53 0.260408273714812 1912
"242" 87 1998 "female" 91 0.284930951744472 1911
"243" 88 1998 "female" 100 0.31176293327347 1910
"244" 89 1998 "female" 79 0.341121685686307 1909
"245" 90 1998 "female" 57 0.373245155296882 1908
"246" 91 1998 "female" 73 0.408393695851702 1907
"247" 92 1998 "female" 63 0.446852178640471 1906
"248" 93 1998 "female" 76 0.488932301316039 1905
"249" 94 1998 "female" 76 0.534975114136205 1904
"250" 95 1998 "female" 58 0.585353784102006 1903
"251" 96 1998 "female" 82 0.640476619395238 1902
"252" 97 1998 "female" 72 0.700790378627615 1901
"253" 98 1998 "female" 56 0.766783891722322 1900
"254" 99 1998 "female" 82 0.838992021774398 1899
"255" 100 1998 "female" 84 0.918 1898
"256" 50 1998 "male" 72 0.0102 1948
"257" 51 1998 "male" 98 0.0111045798811975 1947
"258" 52 1998 "male" 69 0.012089381797833 1946
"259" 53 1998 "male" 91 0.0131615201851305 1945
"260" 54 1998 "male" 80 0.0143287404170368 1944
"261" 55 1998 "male" 73 0.0155994747605812 1943
"262" 56 1998 "male" 78 0.0169829032925097 1942
"263" 57 1998 "male" 70 0.0184890202182673 1941
"264" 58 1998 "male" 61 0.0201287060724338 1940
"265" 59 1998 "male" 62 0.0219138063222045 1939
"266" 60 1998 "male" 85 0.0238572169417658 1938
"267" 61 1998 "male" 58 0.0259729775757742 1937
"268" 62 1998 "male" 75 0.0282763729649742 1936
"269" 63 1998 "male" 66 0.0307840433666754 1935
"270" 64 1998 "male" 82 0.0335141047677937 1934
"271" 65 1998 "male" 58 0.0364862797589007 1933
"272" 66 1998 "male" 91 0.0397220400147483 1932
"273" 67 1998 "male" 97 0.0432447614105781 1931
"274" 68 1998 "male" 100 0.0470798928948129 1930
"275" 69 1998 "male" 60 0.0512551403381052 1929
"276" 70 1998 "male" 53 0.0558006666869096 1928
"277" 71 1998 "male" 58 0.0607493098675357 1927
"278" 72 1998 "male" 50 0.0661368200148696 1926
"279" 73 1998 "male" 57 0.072002117739559 1925
"280" 74 1998 "male" 70 0.0783875752994433 1924
"281" 75 1998 "male" 80 0.0853393227064757 1923
"282" 76 1998 "male" 92 0.0929075809805247 1922
"283" 77 1998 "male" 93 0.101147024957555 1921
"284" 78 1998 "male" 75 0.110117178273201 1920
"285" 79 1998 "male" 62 0.119882843375179 1919
"286" 80 1998 "male" 82 0.130514569671055 1918
"287" 81 1998 "male" 61 0.142089163193368 1917
"288" 82 1998 "male" 81 0.154690241464045 1916
"289" 83 1998 "male" 77 0.168408837566591 1915
"290" 84 1998 "male" 76 0.183344057789982 1914
"291" 85 1998 "male" 94 0.19960379759527 1913
"292" 86 1998 "male" 69 0.217305521077162 1912
"293" 87 1998 "male" 80 0.236577109551627 1911
"294" 88 1998 "male" 66 0.257557785399888 1910
"295" 89 1998 "male" 93 0.28039911784288 1909
"296" 90 1998 "male" 83 0.305266117912115 1908
"297" 91 1998 "male" 94 0.332338430527269 1907
"298" 92 1998 "male" 52 0.36181163229234 1906
"299" 93 1998 "male" 86 0.393898644385956 1905
"300" 94 1998 "male" 53 0.428831270752868 1904
"301" 95 1998 "male" 88 0.466861872708889 1903
"302" 96 1998 "male" 91 0.508265192056992 1902
"303" 97 1998 "male" 70 0.553340335885202 1901
"304" 98 1998 "male" 90 0.602412937384891 1900
"305" 99 1998 "male" 73 0.65583750829974 1899
"306" 100 1998 "male" 85 0.714 1898
"307" 50 2000 "female" 56 0.0103 1950
"308" 51 2000 "female" 74 0.0112699522219563 1949
"309" 52 2000 "female" 96 0.0123312449597261 1948
"310" 53 2000 "female" 75 0.0134924797605197 1947
"311" 54 2000 "female" 90 0.0147630681802689 1946
"312" 55 2000 "female" 72 0.0161533080622441 1945
"313" 56 2000 "female" 53 0.0176744669988381 1944
"314" 57 2000 "female" 92 0.0193388736529563 1943
"315" 58 2000 "female" 84 0.0211600176791521 1942
"316" 59 2000 "female" 76 0.0231526590543491 1941
"317" 60 2000 "female" 54 0.0253329477042485 1940
"318" 61 2000 "female" 65 0.0277185543949707 1939
"319" 62 2000 "female" 91 0.0303288139507784 1938
"320" 63 2000 "female" 69 0.0331848819586287 1937
"321" 64 2000 "female" 84 0.0363099062296122 1936
"322" 65 2000 "female" 80 0.0397292144069363 1935
"323" 66 2000 "female" 95 0.0434705192409739 1934
"324" 67 2000 "female" 50 0.0475641431950883 1933
"325" 68 2000 "female" 70 0.0520432642026149 1932
"326" 69 2000 "female" 87 0.0569441845668078 1931
"327" 70 2000 "female" 95 0.0623066251831249 1930
"328" 71 2000 "female" 92 0.068174047468462 1929
"329" 72 2000 "female" 61 0.0745940056065 1928
"330" 73 2000 "female" 82 0.0816185319640386 1927
"331" 74 2000 "female" 94 0.089304558802032 1926
"332" 75 2000 "female" 67 0.097714379699203 1925
"333" 76 2000 "female" 90 0.106916154427973 1924
"334" 77 2000 "female" 51 0.116984461374617 1923
"335" 78 2000 "female" 59 0.128000901980896 1922
"336" 79 2000 "female" 83 0.140054762106021 1921
"337" 80 2000 "female" 64 0.153243735669157 1920
"338" 81 2000 "female" 91 0.167674716437427 1919
"339" 82 2000 "female" 78 0.183464664376687 1918
"340" 83 2000 "female" 60 0.200741553586652 1917
"341" 84 2000 "female" 69 0.21964540950319 1916
"342" 85 2000 "female" 93 0.240329443774076 1915
"343" 86 2000 "female" 78 0.262961296006134 1914
"344" 87 2000 "female" 78 0.287724392447849 1913
"345" 88 2000 "female" 54 0.314819432619288 1912
"346" 89 2000 "female" 59 0.344466015938134 1911
"347" 90 2000 "female" 96 0.376904421525283 1910
"348" 91 2000 "female" 84 0.412397555614954 1909
"349" 92 2000 "female" 95 0.451233082352632 1908
"350" 93 2000 "female" 84 0.49372575525051 1907
"351" 94 2000 "female" 82 0.540219968196364 1906
"352" 95 2000 "female" 59 0.591092546691242 1905
"353" 96 2000 "female" 50 0.646755801938329 1904
"354" 97 2000 "female" 70 0.707660872535729 1903
"355" 98 2000 "female" 69 0.774301380856854 1902
"356" 99 2000 "female" 80 0.847217433752579 1901
"357" 100 2000 "female" 68 0.927 1900
"358" 50 2000 "male" 84 0.0103 1950
"359" 51 2000 "male" 91 0.0112134483114053 1949
"360" 52 2000 "male" 77 0.0122079051487921 1948
"361" 53 2000 "male" 56 0.0132905546967495 1947
"362" 54 2000 "male" 74 0.0144692182642627 1946
"363" 55 2000 "male" 61 0.0157524107876458 1945
"364" 56 2000 "male" 56 0.0171494023443971 1944
"365" 57 2000 "male" 52 0.0186702851223679 1943
"366" 58 2000 "male" 60 0.0203260463280459 1942
"367" 59 2000 "male" 95 0.0221286475606575 1941
"368" 60 2000 "male" 52 0.0240911112255086 1940
"369" 61 2000 "male" 57 0.0262276146108308 1939
"370" 62 2000 "male" 76 0.028553592307768 1938
"371" 63 2000 "male" 93 0.0310858477134075 1937
"372" 64 2000 "male" 67 0.0338426744223799 1936
"373" 65 2000 "male" 61 0.036843988383988 1935
"374" 66 2000 "male" 55 0.0401114717795987 1934
"375" 67 2000 "male" 55 0.0436687296597014 1933
"376" 68 2000 "male" 99 0.047541460472213 1932
"377" 69 2000 "male" 97 0.051757641713969 1931
"378" 70 2000 "male" 94 0.0563477320465852 1930
"379" 71 2000 "male" 81 0.0613448913368253 1929
"380" 72 2000 "male" 51 0.0667852202110938 1928
"381" 73 2000 "male" 82 0.0727080208546527 1927
"382" 74 2000 "male" 69 0.0791560809396339 1926
"383" 75 2000 "male" 68 0.0861759827330098 1925
"384" 76 2000 "male" 69 0.0938184396175887 1924
"385" 77 2000 "male" 63 0.102138662457139 1923
"386" 78 2000 "male" 88 0.11119675845235 1922
"387" 79 2000 "male" 52 0.121058165369053 1921
"388" 80 2000 "male" 51 0.131794124275674 1920
"389" 81 2000 "male" 81 0.143482194205068 1919
"390" 82 2000 "male" 92 0.156206812458791 1918
"391" 83 2000 "male" 70 0.170059904601557 1917
"392" 84 2000 "male" 65 0.185141548552629 1916
"393" 85 2000 "male" 69 0.201560697571694 1915
"394" 86 2000 "male" 95 0.219435967362232 1914
"395" 87 2000 "male" 56 0.238896492978604 1913
"396" 88 2000 "male" 51 0.260082861727338 1912
"397" 89 2000 "male" 70 0.283148128802124 1911
"398" 90 2000 "male" 96 0.308258922989685 1910
"399" 91 2000 "male" 68 0.335596650434399 1909
"400" 92 2000 "male" 75 0.365358805157951 1908
"401" 93 2000 "male" 76 0.397760395801504 1907
"402" 94 2000 "male" 80 0.433035498897504 1906
"403" 95 2000 "male" 86 0.471438949892309 1905
"404" 96 2000 "male" 77 0.513248184135982 1904
"405" 97 2000 "male" 76 0.558765241138978 1903
"406" 98 2000 "male" 61 0.608318946574939 1902
"407" 99 2000 "male" 60 0.662267287792875 1901
"408" 100 2000 "male" 58 0.721 1900
"409" 50 2002 "female" 79 0.0104 1952
"410" 51 2002 "female" 93 0.01137936923382 1951
"411" 52 2002 "female" 85 0.0124509657845778 1950
"412" 53 2002 "female" 99 0.0136234747096509 1949
"413" 54 2002 "female" 99 0.0149063989393006 1948
"414" 55 2002 "female" 55 0.0163101362958581 1947
"415" 56 2002 "female" 73 0.0178460637658171 1946
"416" 57 2002 "female" 52 0.0195266297078393 1945
"417" 58 2002 "female" 50 0.0213654547439983 1944
"418" 59 2002 "female" 88 0.0233774421519642 1943
"419" 60 2002 "female" 74 0.0255788986528334 1942
"420" 61 2002 "female" 92 0.0279876665735627 1941
"421" 62 2002 "female" 93 0.0306232684551549 1940
"422" 63 2002 "female" 75 0.0335070652786153 1939
"423" 64 2002 "female" 99 0.0366624295910647 1938
"424" 65 2002 "female" 70 0.040114934935159 1937
"425" 66 2002 "female" 95 0.0438925631170998 1936
"426" 67 2002 "female" 53 0.0480259309930988 1935
"427" 68 2002 "female" 64 0.0525485386123491 1934
"428" 69 2002 "female" 89 0.0574970407276506 1933
"429" 70 2002 "female" 69 0.0629115438742232 1932
"430" 71 2002 "female" 98 0.0688359314244665 1931
"431" 72 2002 "female" 54 0.075318219253165 1930
"432" 73 2002 "female" 55 0.0824109448957283 1929
"433" 74 2002 "female" 63 0.0901715933535081 1928
"434" 75 2002 "female" 68 0.0986630629972535 1927
"435" 76 2002 "female" 96 0.107954175344749 1926
"436" 77 2002 "female" 58 0.118120232844273 1925
"437" 78 2002 "female" 82 0.129243629184594 1924
"438" 79 2002 "female" 85 0.141414517077924 1923
"439" 80 2002 "female" 72 0.15473153892808 1922
"440" 81 2002 "female" 58 0.169302626305752 1921
"441" 82 2002 "female" 60 0.185245874710442 1920
"442" 83 2002 "female" 74 0.202690500708853 1919
"443" 84 2002 "female" 65 0.221777889207105 1918
"444" 85 2002 "female" 74 0.242662739344698 1917
"445" 86 2002 "female" 70 0.265514318297456 1916
"446" 87 2002 "female" 74 0.290517833151226 1915
"447" 88 2002 "female" 74 0.317875931965107 1914
"448" 89 2002 "female" 94 0.34781034618996 1913
"449" 90 2002 "female" 53 0.380563687753684 1912
"450" 91 2002 "female" 81 0.416401415378206 1911
"451" 92 2002 "female" 67 0.455613986064794 1910
"452" 93 2002 "female" 66 0.498519209184981 1909
"453" 94 2002 "female" 81 0.545464822256523 1908
"454" 95 2002 "female" 88 0.596831309280477 1907
"455" 96 2002 "female" 55 0.653034984481419 1906
"456" 97 2002 "female" 87 0.714531366443843 1905
"457" 98 2002 "female" 78 0.781818869991387 1904
"458" 99 2002 "female" 52 0.855442845730759 1903
"459" 100 2002 "female" 100 0.936 1902
"460" 50 2002 "male" 56 0.0104 1952
"461" 51 2002 "male" 95 0.0113223167416132 1951
"462" 52 2002 "male" 81 0.0123264284997513 1950
"463" 53 2002 "male" 56 0.0134195892083684 1949
"464" 54 2002 "male" 81 0.0146096961114885 1948
"465" 55 2002 "male" 91 0.0159053468147103 1947
"466" 56 2002 "male" 93 0.0173159013962844 1946
"467" 57 2002 "male" 80 0.0188515500264686 1945
"468" 58 2002 "male" 67 0.020523386583658 1944
"469" 59 2002 "male" 70 0.0223434887991105 1943
"470" 60 2002 "male" 95 0.0243250055092514 1942
"471" 61 2002 "male" 80 0.0264822516458874 1941
"472" 62 2002 "male" 95 0.0288308116505619 1940
"473" 63 2002 "male" 94 0.0313876520601396 1939
"474" 64 2002 "male" 67 0.0341712440769661 1938
"475" 65 2002 "male" 98 0.0372016970090752 1937
"476" 66 2002 "male" 80 0.0405009035444492 1936
"477" 67 2002 "male" 74 0.0440926979088247 1935
"478" 68 2002 "male" 55 0.0480030280496132 1934
"479" 69 2002 "male" 58 0.0522601430898327 1933
"480" 70 2002 "male" 67 0.0568947974062607 1932
"481" 71 2002 "male" 62 0.0619404728061148 1931
"482" 72 2002 "male" 83 0.0674336204073181 1930
"483" 73 2002 "male" 87 0.0734139239697465 1929
"484" 74 2002 "male" 93 0.0799245865798245 1928
"485" 75 2002 "male" 66 0.0870126427595439 1927
"486" 76 2002 "male" 58 0.0947292982546526 1926
"487" 77 2002 "male" 76 0.103130299956723 1925
"488" 78 2002 "male" 96 0.112276338631499 1924
"489" 79 2002 "male" 90 0.122233487362928 1923
"490" 80 2002 "male" 88 0.133073678880292 1922
"491" 81 2002 "male" 100 0.144875225216767 1921
"492" 82 2002 "male" 62 0.157723383453537 1920
"493" 83 2002 "male" 76 0.171710971636524 1919
"494" 84 2002 "male" 57 0.186939039315276 1918
"495" 85 2002 "male" 82 0.203517597548118 1917
"496" 86 2002 "male" 88 0.221566413647302 1916
"497" 87 2002 "male" 61 0.24121587640558 1915
"498" 88 2002 "male" 63 0.262607938054788 1914
"499" 89 2002 "male" 63 0.285897139761368 1913
"500" 90 2002 "male" 82 0.311251728067255 1912
"501" 91 2002 "male" 98 0.338854870341529 1911
"502" 92 2002 "male" 82 0.368905978023562 1910
"503" 93 2002 "male" 90 0.401622147217053 1909
"504" 94 2002 "male" 54 0.43723972704214 1908
"505" 95 2002 "male" 58 0.476016027075729 1907
"506" 96 2002 "male" 68 0.518231176214972 1906
"507" 97 2002 "male" 73 0.564190146392755 1905
"508" 98 2002 "male" 85 0.614224955764986 1904
"509" 99 2002 "male" 69 0.66869706728601 1903
"510" 100 2002 "male" 78 0.728 1902
"511" 50 2004 "female" 96 0.0105 1954
"512" 51 2004 "female" 64 0.0114887862456836 1953
"513" 52 2004 "female" 98 0.0125706866094295 1952
"514" 53 2004 "female" 82 0.0137544696587822 1951
"515" 54 2004 "female" 68 0.0150497296983323 1950
"516" 55 2004 "female" 61 0.0164669645294721 1949
"517" 56 2004 "female" 73 0.0180176605327961 1948
"518" 57 2004 "female" 77 0.0197143857627224 1947
"519" 58 2004 "female" 56 0.0215708918088444 1946
"520" 59 2004 "female" 71 0.0236022252495792 1945
"521" 60 2004 "female" 99 0.0258248496014183 1944
"522" 61 2004 "female" 90 0.0282567787521546 1943
"523" 62 2004 "female" 97 0.0309177229595314 1942
"524" 63 2004 "female" 83 0.033829248598602 1941
"525" 64 2004 "female" 87 0.0370149529525173 1940
"526" 65 2004 "female" 62 0.0405006554633816 1939
"527" 66 2004 "female" 93 0.0443146069932258 1938
"528" 67 2004 "female" 96 0.0484877187911094 1937
"529" 68 2004 "female" 81 0.0530538130220832 1936
"530" 69 2004 "female" 51 0.0580498968884934 1935
"531" 70 2004 "female" 96 0.0635164625653215 1934
"532" 71 2004 "female" 79 0.069497815380471 1933
"533" 72 2004 "female" 94 0.0760424328998301 1932
"534" 73 2004 "female" 93 0.083203357827418 1931
"535" 74 2004 "female" 96 0.0910386279049841 1930
"536" 75 2004 "female" 84 0.099611746295304 1929
"537" 76 2004 "female" 84 0.108992196261525 1928
"538" 77 2004 "female" 79 0.11925600431393 1927
"539" 78 2004 "female" 99 0.130486356388292 1926
"540" 79 2004 "female" 91 0.142774272049827 1925
"541" 80 2004 "female" 89 0.156219342187004 1924
"542" 81 2004 "female" 62 0.170930536174076 1923
"543" 82 2004 "female" 55 0.187027085044196 1922
"544" 83 2004 "female" 59 0.204639447831053 1921
"545" 84 2004 "female" 86 0.223910368911019 1920
"546" 85 2004 "female" 50 0.24499603491532 1919
"547" 86 2004 "female" 89 0.268067340588777 1918
"548" 87 2004 "female" 79 0.293311273854603 1917
"549" 88 2004 "female" 57 0.320932431310925 1916
"550" 89 2004 "female" 65 0.351154676441787 1915
"551" 90 2004 "female" 67 0.384222953982085 1914
"552" 91 2004 "female" 98 0.420405275141458 1913
"553" 92 2004 "female" 98 0.459994889776955 1912
"554" 93 2004 "female" 70 0.503312663119452 1911
"555" 94 2004 "female" 69 0.550709676316682 1910
"556" 95 2004 "female" 51 0.602570071869712 1909
"557" 96 2004 "female" 54 0.65931416702451 1908
"558" 97 2004 "female" 58 0.721401860351957 1907
"559" 98 2004 "female" 81 0.789336359125919 1906
"560" 99 2004 "female" 87 0.863668257708939 1905
"561" 100 2004 "female" 79 0.945 1904
"562" 50 2004 "male" 70 0.0105 1954
"563" 51 2004 "male" 95 0.011431185171821 1953
"564" 52 2004 "male" 64 0.0124449518507104 1952
"565" 53 2004 "male" 77 0.0135486237199873 1951
"566" 54 2004 "male" 97 0.0147501739587144 1950
"567" 55 2004 "male" 62 0.0160582828417748 1949
"568" 56 2004 "male" 91 0.0174824004481718 1948
"569" 57 2004 "male" 55 0.0190328149305692 1947
"570" 58 2004 "male" 95 0.0207207268392701 1946
"571" 59 2004 "male" 80 0.0225583300375635 1945
"572" 60 2004 "male" 79 0.0245588997929942 1944
"573" 61 2004 "male" 56 0.0267368886809441 1943
"574" 62 2004 "male" 90 0.0291080309933558 1942
"575" 63 2004 "male" 50 0.0316894564068717 1941
"576" 64 2004 "male" 68 0.0344998137315523 1940
"577" 65 2004 "male" 52 0.0375594056341625 1939
"578" 66 2004 "male" 82 0.0408903353092997 1938
"579" 67 2004 "male" 100 0.044516666157948 1937
"580" 68 2004 "male" 59 0.0484645956270133 1936
"581" 69 2004 "male" 77 0.0527626444656965 1935
"582" 70 2004 "male" 67 0.0574418627659363 1934
"583" 71 2004 "male" 85 0.0625360542754044 1933
"584" 72 2004 "male" 74 0.0680820206035423 1932
"585" 73 2004 "male" 77 0.0741198270848402 1931
"586" 74 2004 "male" 82 0.0806930922200151 1930
"587" 75 2004 "male" 59 0.0878493027860779 1929
"588" 76 2004 "male" 96 0.0956401568917166 1928
"589" 77 2004 "male" 55 0.104121937456307 1927
"590" 78 2004 "male" 84 0.113355918810648 1926
"591" 79 2004 "male" 67 0.123408809356802 1925
"592" 80 2004 "male" 54 0.13435323348491 1924
"593" 81 2004 "male" 80 0.146268256228467 1923
"594" 82 2004 "male" 92 0.159239954448282 1922
"595" 83 2004 "male" 95 0.17336203867149 1921
"596" 84 2004 "male" 70 0.188736530077923 1920
"597" 85 2004 "male" 55 0.205474497524542 1919
"598" 86 2004 "male" 94 0.223696859932373 1918
"599" 87 2004 "male" 75 0.243535259832557 1917
"600" 88 2004 "male" 83 0.265133014382237 1916
"601" 89 2004 "male" 58 0.288646150720612 1915
"602" 90 2004 "male" 84 0.314244533144825 1914
"603" 91 2004 "male" 64 0.342113090248659 1913
"604" 92 2004 "male" 82 0.372453150889174 1912
"605" 93 2004 "male" 66 0.405483898632602 1911
"606" 94 2004 "male" 66 0.441443955186776 1910
"607" 95 2004 "male" 81 0.48059310425915 1909
"608" 96 2004 "male" 55 0.523214168293962 1908
"609" 97 2004 "male" 64 0.569615051646531 1907
"610" 98 2004 "male" 50 0.620130964955035 1906
"611" 99 2004 "male" 83 0.675126846779144 1905
"612" 100 2004 "male" 59 0.735 1904
"613" 50 2006 "female" 62 0.0106 1956
"614" 51 2006 "female" 75 0.0115982032575473 1955
"615" 52 2006 "female" 70 0.0126904074342812 1954
"616" 53 2006 "female" 62 0.0138854646079134 1953
"617" 54 2006 "female" 96 0.0151930604573641 1952
"618" 55 2006 "female" 78 0.0166237927630861 1951
"619" 56 2006 "female" 51 0.0181892572997751 1950
"620" 57 2006 "female" 84 0.0199021418176055 1949
"621" 58 2006 "female" 71 0.0217763288736906 1948
"622" 59 2006 "female" 59 0.0238270083471942 1947
"623" 60 2006 "female" 58 0.0260708005500033 1946
"624" 61 2006 "female" 53 0.0285258909307466 1945
"625" 62 2006 "female" 55 0.0312121774639079 1944
"626" 63 2006 "female" 78 0.0341514319185887 1943
"627" 64 2006 "female" 90 0.0373674763139698 1942
"628" 65 2006 "female" 52 0.0408863759916043 1941
"629" 66 2006 "female" 90 0.0447366508693518 1940
"630" 67 2006 "female" 57 0.04894950658912 1939
"631" 68 2006 "female" 70 0.0535590874318173 1938
"632" 69 2006 "female" 66 0.0586027530493362 1937
"633" 70 2006 "female" 67 0.0641213812564198 1936
"634" 71 2006 "female" 89 0.0701596993364755 1935
"635" 72 2006 "female" 74 0.0767666465464951 1934
"636" 73 2006 "female" 84 0.0839957707591077 1933
"637" 74 2006 "female" 63 0.0919056624564602 1932
"638" 75 2006 "female" 58 0.100560429593355 1931
"639" 76 2006 "female" 79 0.110030217178302 1930
"640" 77 2006 "female" 65 0.120391775783586 1929
"641" 78 2006 "female" 58 0.13172908359199 1928
"642" 79 2006 "female" 52 0.14413402702173 1927
"643" 80 2006 "female" 93 0.157707145445928 1926
"644" 81 2006 "female" 58 0.172558446042401 1925
"645" 82 2006 "female" 70 0.18880829537795 1924
"646" 83 2006 "female" 67 0.206588394953254 1923
"647" 84 2006 "female" 93 0.226042848614934 1922
"648" 85 2006 "female" 82 0.247329330485942 1921
"649" 86 2006 "female" 83 0.270620362880099 1920
"650" 87 2006 "female" 71 0.29610471455798 1919
"651" 88 2006 "female" 74 0.323988930656743 1918
"652" 89 2006 "female" 62 0.354499006693614 1917
"653" 90 2006 "female" 65 0.387882220210486 1916
"654" 91 2006 "female" 63 0.42440913490471 1915
"655" 92 2006 "female" 95 0.464375793489117 1914
"656" 93 2006 "female" 72 0.508106117053923 1913
"657" 94 2006 "female" 96 0.555954530376841 1912
"658" 95 2006 "female" 89 0.608308834458948 1911
"659" 96 2006 "female" 91 0.6655933495676 1910
"660" 97 2006 "female" 76 0.728272354260071 1909
"661" 98 2006 "female" 73 0.796853848260452 1908
"662" 99 2006 "female" 55 0.87189366968712 1907
"663" 100 2006 "female" 73 0.954 1906
"664" 50 2006 "male" 86 0.0106 1956
"665" 51 2006 "male" 73 0.0115400536020288 1955
"666" 52 2006 "male" 77 0.0125634752016696 1954
"667" 53 2006 "male" 64 0.0136776582316063 1953
"668" 54 2006 "male" 62 0.0148906518059402 1952
"669" 55 2006 "male" 84 0.0162112188688393 1951
"670" 56 2006 "male" 62 0.0176488995000591 1950
"671" 57 2006 "male" 84 0.0192140798346699 1949
"672" 58 2006 "male" 85 0.0209180670948822 1948
"673" 59 2006 "male" 69 0.0227731712760165 1947
"674" 60 2006 "male" 74 0.024792794076737 1946
"675" 61 2006 "male" 99 0.0269915257160007 1945
"676" 62 2006 "male" 71 0.0293852503361496 1944
"677" 63 2006 "male" 62 0.0319912607536039 1943
"678" 64 2006 "male" 84 0.0348283833861385 1942
"679" 65 2006 "male" 90 0.0379171142592497 1941
"680" 66 2006 "male" 91 0.0412797670741502 1940
"681" 67 2006 "male" 83 0.0449406344070713 1939
"682" 68 2006 "male" 63 0.0489261632044134 1938
"683" 69 2006 "male" 90 0.0532651458415603 1937
"684" 70 2006 "male" 88 0.0579889281256119 1936
"685" 71 2006 "male" 77 0.063131635744694 1935
"686" 72 2006 "male" 94 0.0687304207997665 1934
"687" 73 2006 "male" 99 0.0748257301999339 1933
"688" 74 2006 "male" 74 0.0814615978602058 1932
"689" 75 2006 "male" 54 0.088685962812612 1931
"690" 76 2006 "male" 88 0.0965510155287806 1930
"691" 77 2006 "male" 66 0.105113574955891 1929
"692" 78 2006 "male" 78 0.114435498989797 1928
"693" 79 2006 "male" 51 0.124584131350676 1927
"694" 80 2006 "male" 89 0.135632788089528 1926
"695" 81 2006 "male" 76 0.147661287240167 1925
"696" 82 2006 "male" 78 0.160756525443028 1924
"697" 83 2006 "male" 97 0.175013105706457 1923
"698" 84 2006 "male" 74 0.19053402084057 1922
"699" 85 2006 "male" 63 0.207431397500967 1921
"700" 86 2006 "male" 62 0.225827306217443 1920
"701" 87 2006 "male" 52 0.245854643259534 1919
"702" 88 2006 "male" 68 0.267658090709687 1918
"703" 89 2006 "male" 83 0.291395161679856 1917
"704" 90 2006 "male" 55 0.317237338222394 1916
"705" 91 2006 "male" 86 0.345371310155789 1915
"706" 92 2006 "male" 83 0.376000323754785 1914
"707" 93 2006 "male" 83 0.40934565004815 1913
"708" 94 2006 "male" 62 0.445648183331412 1912
"709" 95 2006 "male" 62 0.48517018144257 1911
"710" 96 2006 "male" 71 0.528197160372952 1910
"711" 97 2006 "male" 62 0.575039956900308 1909
"712" 98 2006 "male" 85 0.626036974145082 1908
"713" 99 2006 "male" 56 0.681556626272279 1907
"714" 100 2006 "male" 63 0.742 1906
"715" 50 2008 "female" 59 0.0107 1958
"716" 51 2008 "female" 86 0.011707620269411 1957
"717" 52 2008 "female" 52 0.0128101282591329 1956
"718" 53 2008 "female" 100 0.0140164595570447 1955
"719" 54 2008 "female" 87 0.0153363912163958 1954
"720" 55 2008 "female" 55 0.0167806209967001 1953
"721" 56 2008 "female" 57 0.0183608540667542 1952
"722" 57 2008 "female" 97 0.0200898978724885 1951
"723" 58 2008 "female" 68 0.0219817659385367 1950
"724" 59 2008 "female" 83 0.0240517914448093 1949
"725" 60 2008 "female" 67 0.0263167514985882 1948
"726" 61 2008 "female" 64 0.0287950031093385 1947
"727" 62 2008 "female" 94 0.0315066319682843 1946
"728" 63 2008 "female" 54 0.0344736152385754 1945
"729" 64 2008 "female" 57 0.0377199996754224 1944
"730" 65 2008 "female" 86 0.041272096519827 1943
"731" 66 2008 "female" 53 0.0451586947454777 1942
"732" 67 2008 "female" 90 0.0494112943871305 1941
"733" 68 2008 "female" 57 0.0540643618415514 1940
"734" 69 2008 "female" 61 0.059155609210179 1939
"735" 70 2008 "female" 96 0.0647262999475181 1938
"736" 71 2008 "female" 56 0.07082158329248 1937
"737" 72 2008 "female" 91 0.0774908601931602 1936
"738" 73 2008 "female" 61 0.0847881836907974 1935
"739" 74 2008 "female" 91 0.0927726970079362 1934
"740" 75 2008 "female" 62 0.101509112891405 1933
"741" 76 2008 "female" 55 0.111068238095078 1932
"742" 77 2008 "female" 72 0.121527547253243 1931
"743" 78 2008 "female" 72 0.132971810795688 1930
"744" 79 2008 "female" 58 0.145493781993633 1929
"745" 80 2008 "female" 88 0.159194948704852 1928
"746" 81 2008 "female" 57 0.174186355910725 1927
"747" 82 2008 "female" 62 0.190589505711704 1926
"748" 83 2008 "female" 79 0.208537342075454 1925
"749" 84 2008 "female" 75 0.228175328318848 1924
"750" 85 2008 "female" 79 0.249662626056565 1923
"751" 86 2008 "female" 98 0.273173385171421 1922
"752" 87 2008 "female" 89 0.298898155261358 1921
"753" 88 2008 "female" 62 0.327045430002562 1920
"754" 89 2008 "female" 57 0.35784333694544 1919
"755" 90 2008 "female" 74 0.391541486438886 1918
"756" 91 2008 "female" 61 0.428412994667962 1917
"757" 92 2008 "female" 57 0.468756697201278 1916
"758" 93 2008 "female" 62 0.512899570988394 1915
"759" 94 2008 "female" 60 0.561199384436999 1914
"760" 95 2008 "female" 89 0.614047597048183 1913
"761" 96 2008 "female" 68 0.671872532110691 1912
"762" 97 2008 "female" 62 0.735142848168185 1911
"763" 98 2008 "female" 94 0.804371337394984 1910
"764" 99 2008 "female" 57 0.8801190816653 1909
"765" 100 2008 "female" 54 0.963 1908
"766" 50 2008 "male" 68 0.0107 1958
"767" 51 2008 "male" 79 0.0116489220322366 1957
"768" 52 2008 "male" 60 0.0126819985526287 1956
"769" 53 2008 "male" 85 0.0138066927432252 1955
"770" 54 2008 "male" 84 0.0150311296531661 1954
"771" 55 2008 "male" 56 0.0163641548959039 1953
"772" 56 2008 "male" 67 0.0178153985519465 1952
"773" 57 2008 "male" 62 0.0193953447387706 1951
"774" 58 2008 "male" 51 0.0211154073504943 1950
"775" 59 2008 "male" 68 0.0229880125144695 1949
"776" 60 2008 "male" 68 0.0250266883604798 1948
"777" 61 2008 "male" 79 0.0272461627510573 1947
"778" 62 2008 "male" 55 0.0296624696789435 1946
"779" 63 2008 "male" 61 0.032293065100336 1945
"780" 64 2008 "male" 83 0.0351569530407247 1944
"781" 65 2008 "male" 60 0.038274822884337 1943
"782" 66 2008 "male" 53 0.0416691988390006 1942
"783" 67 2008 "male" 97 0.0453646026561946 1941
"784" 68 2008 "male" 95 0.0493877307818135 1940
"785" 69 2008 "male" 93 0.0537676472174241 1939
"786" 70 2008 "male" 78 0.0585359934852875 1938
"787" 71 2008 "male" 82 0.0637272172139835 1937
"788" 72 2008 "male" 50 0.0693788209959907 1936
"789" 73 2008 "male" 58 0.0755316333150276 1935
"790" 74 2008 "male" 88 0.0822301035003964 1934
"791" 75 2008 "male" 63 0.0895226228391461 1933
"792" 76 2008 "male" 60 0.0974618741658445 1932
"793" 77 2008 "male" 98 0.106105212455475 1931
"794" 78 2008 "male" 83 0.115515079168946 1930
"795" 79 2008 "male" 100 0.125759453344551 1929
"796" 80 2008 "male" 77 0.136912342694146 1928
"797" 81 2008 "male" 53 0.149054318251866 1927
"798" 82 2008 "male" 51 0.162273096437773 1926
"799" 83 2008 "male" 77 0.176664172741423 1925
"800" 84 2008 "male" 55 0.192331511603217 1924
"801" 85 2008 "male" 83 0.209388297477391 1923
"802" 86 2008 "male" 97 0.227957752502513 1922
"803" 87 2008 "male" 60 0.248174026686511 1921
"804" 88 2008 "male" 79 0.270183167037137 1920
"805" 89 2008 "male" 60 0.2941441726391 1919
"806" 90 2008 "male" 67 0.320230143299964 1918
"807" 91 2008 "male" 86 0.348629530062919 1917
"808" 92 2008 "male" 64 0.379547496620396 1916
"809" 93 2008 "male" 52 0.413207401463699 1915
"810" 94 2008 "male" 56 0.449852411476048 1914
"811" 95 2008 "male" 63 0.489747258625991 1913
"812" 96 2008 "male" 68 0.533180152451942 1912
"813" 97 2008 "male" 61 0.580464862154084 1911
"814" 98 2008 "male" 95 0.63194298333513 1910
"815" 99 2008 "male" 60 0.687986405765414 1909
"816" 100 2008 "male" 66 0.749 1908
"817" 50 2010 "female" 62 0.0108 1960
"818" 51 2010 "female" 97 0.0118170372812746 1959
"819" 52 2010 "female" 52 0.0129298490839846 1958
"820" 53 2010 "female" 99 0.014147454506176 1957
"821" 54 2010 "female" 52 0.0154797219754276 1956
"822" 55 2010 "female" 89 0.0169374492303142 1955
"823" 56 2010 "female" 95 0.0185324508337332 1954
"824" 57 2010 "female" 56 0.0202776539273716 1953
"825" 58 2010 "female" 89 0.0221872030033828 1952
"826" 59 2010 "female" 50 0.0242765745424243 1951
"827" 60 2010 "female" 96 0.0265627024471731 1950
"828" 61 2010 "female" 94 0.0290641152879305 1949
"829" 62 2010 "female" 61 0.0318010864726608 1948
"830" 63 2010 "female" 65 0.0347957985585621 1947
"831" 64 2010 "female" 73 0.0380725230368749 1946
"832" 65 2010 "female" 82 0.0416578170480497 1945
"833" 66 2010 "female" 78 0.0455807386216037 1944
"834" 67 2010 "female" 84 0.0498730821851411 1943
"835" 68 2010 "female" 53 0.0545696362512856 1942
"836" 69 2010 "female" 88 0.0597084653710218 1941
"837" 70 2010 "female" 77 0.0653312186386164 1940
"838" 71 2010 "female" 57 0.0714834672484845 1939
"839" 72 2010 "female" 92 0.0782150738398252 1938
"840" 73 2010 "female" 66 0.0855805966224871 1937
"841" 74 2010 "female" 51 0.0936397315594122 1936
"842" 75 2010 "female" 62 0.102457796189456 1935
"843" 76 2010 "female" 85 0.112106259011855 1934
"844" 77 2010 "female" 77 0.122663318722899 1933
"845" 78 2010 "female" 78 0.134214537999386 1932
"846" 79 2010 "female" 85 0.146853536965536 1931
"847" 80 2010 "female" 83 0.160682751963776 1930
"848" 81 2010 "female" 81 0.17581426577905 1929
"849" 82 2010 "female" 90 0.192370716045459 1928
"850" 83 2010 "female" 84 0.210486289197655 1927
"851" 84 2010 "female" 76 0.230307808022762 1926
"852" 85 2010 "female" 82 0.251995921627187 1925
"853" 86 2010 "female" 97 0.275726407462742 1924
"854" 87 2010 "female" 80 0.301691595964735 1923
"855" 88 2010 "female" 58 0.33010192934838 1922
"856" 89 2010 "female" 59 0.361187667197267 1921
"857" 90 2010 "female" 59 0.395200752667287 1920
"858" 91 2010 "female" 85 0.432416854431214 1919
"859" 92 2010 "female" 52 0.47313760091344 1918
"860" 93 2010 "female" 59 0.517693024922865 1917
"861" 94 2010 "female" 91 0.566444238497158 1916
"862" 95 2010 "female" 89 0.619786359637418 1915
"863" 96 2010 "female" 94 0.678151714653782 1914
"864" 97 2010 "female" 93 0.742013342076299 1913
"865" 98 2010 "female" 77 0.811888826529517 1912
"866" 99 2010 "female" 95 0.88834449364348 1911
"867" 100 2010 "female" 76 0.972 1910
"868" 50 2010 "male" 89 0.0108 1960
"869" 51 2010 "male" 95 0.0117577904624444 1959
"870" 52 2010 "male" 100 0.0128005219035879 1958
"871" 53 2010 "male" 97 0.0139357272548441 1957
"872" 54 2010 "male" 78 0.0151716075003919 1956
"873" 55 2010 "male" 77 0.0165170909229684 1955
"874" 56 2010 "male" 84 0.0179818976038338 1954
"875" 57 2010 "male" 78 0.0195766096428712 1953
"876" 58 2010 "male" 87 0.0213127476061064 1952
"877" 59 2010 "male" 96 0.0232028537529225 1951
"878" 60 2010 "male" 100 0.0252605826442226 1950
"879" 61 2010 "male" 99 0.0275007997861139 1949
"880" 62 2010 "male" 81 0.0299396890217373 1948
"881" 63 2010 "male" 70 0.0325948694470681 1947
"882" 64 2010 "male" 65 0.0354855226953109 1946
"883" 65 2010 "male" 84 0.0386325315094243 1945
"884" 66 2010 "male" 52 0.0420586306038511 1944
"885" 67 2010 "male" 69 0.0457885709053179 1943
"886" 68 2010 "male" 75 0.0498492983592137 1942
"887" 69 2010 "male" 66 0.0542701485932878 1941
"888" 70 2010 "male" 82 0.0590830588449631 1940
"889" 71 2010 "male" 90 0.0643227986832731 1939
"890" 72 2010 "male" 70 0.0700272211922149 1938
"891" 73 2010 "male" 58 0.0762375364301213 1937
"892" 74 2010 "male" 84 0.082998609140587 1936
"893" 75 2010 "male" 58 0.0903592828656802 1935
"894" 76 2010 "male" 58 0.0983727328029085 1934
"895" 77 2010 "male" 62 0.107096849955058 1933
"896" 78 2010 "male" 82 0.116594659348095 1932
"897" 79 2010 "male" 93 0.126934775338425 1931
"898" 80 2010 "male" 70 0.138191897298765 1930
"899" 81 2010 "male" 54 0.150447349263566 1929
"900" 82 2010 "male" 55 0.163789667432519 1928
"901" 83 2010 "male" 97 0.17831523977639 1927
"902" 84 2010 "male" 55 0.194129002365864 1926
"903" 85 2010 "male" 73 0.211345197453815 1925
"904" 86 2010 "male" 75 0.230088198787583 1924
"905" 87 2010 "male" 64 0.250493410113487 1923
"906" 88 2010 "male" 98 0.272708243364587 1922
"907" 89 2010 "male" 85 0.296893183598344 1921
"908" 90 2010 "male" 56 0.323222948377534 1920
"909" 91 2010 "male" 69 0.35188774997005 1919
"910" 92 2010 "male" 61 0.383094669486007 1918
"911" 93 2010 "male" 51 0.417069152879247 1917
"912" 94 2010 "male" 74 0.454056639620684 1916
"913" 95 2010 "male" 70 0.494324335809411 1915
"914" 96 2010 "male" 90 0.538163144530932 1914
"915" 97 2010 "male" 84 0.585889767407861 1913
"916" 98 2010 "male" 85 0.637848992525178 1912
"917" 99 2010 "male" 75 0.694416185258549 1911
"918" 100 2010 "male" 72 0.756 1910
"919" 50 2012 "female" 64 0.0109 1962
"920" 51 2012 "female" 73 0.0119264542931383 1961
"921" 52 2012 "female" 86 0.0130495699088363 1960
"922" 53 2012 "female" 89 0.0142784494553072 1959
"923" 54 2012 "female" 68 0.0156230527344593 1958
"924" 55 2012 "female" 66 0.0170942774639282 1957
"925" 56 2012 "female" 97 0.0187040476007122 1956
"926" 57 2012 "female" 88 0.0204654099822547 1955
"927" 58 2012 "female" 65 0.022392640068229 1954
"928" 59 2012 "female" 84 0.0245013576400394 1953
"929" 60 2012 "female" 93 0.0268086533957581 1952
"930" 61 2012 "female" 51 0.0293332274665224 1951
"931" 62 2012 "female" 95 0.0320955409770373 1950
"932" 63 2012 "female" 73 0.0351179818785488 1949
"933" 64 2012 "female" 84 0.0384250463983275 1948
"934" 65 2012 "female" 94 0.0420435375762724 1947
"935" 66 2012 "female" 96 0.0460027824977296 1946
"936" 67 2012 "female" 96 0.0503348699831517 1945
"937" 68 2012 "female" 51 0.0550749106610197 1944
"938" 69 2012 "female" 58 0.0602613215318646 1943
"939" 70 2012 "female" 51 0.0659361373297147 1942
"940" 71 2012 "female" 83 0.072145351204489 1941
"941" 72 2012 "female" 90 0.0789392874864903 1940
"942" 73 2012 "female" 61 0.0863730095541768 1939
"943" 74 2012 "female" 78 0.0945067661108883 1938
"944" 75 2012 "female" 77 0.103406479487506 1937
"945" 76 2012 "female" 69 0.113144279928631 1936
"946" 77 2012 "female" 76 0.123799090192556 1935
"947" 78 2012 "female" 53 0.135457265203084 1934
"948" 79 2012 "female" 98 0.148213291937439 1933
"949" 80 2012 "female" 100 0.1621705552227 1932
"950" 81 2012 "female" 71 0.177442175647374 1931
"951" 82 2012 "female" 96 0.194151926379213 1930
"952" 83 2012 "female" 58 0.212435236319855 1929
"953" 84 2012 "female" 90 0.232440287726677 1928
"954" 85 2012 "female" 81 0.254329217197809 1927
"955" 86 2012 "female" 75 0.278279429754064 1926
"956" 87 2012 "female" 62 0.304485036668112 1925
"957" 88 2012 "female" 55 0.333158428694198 1924
"958" 89 2012 "female" 63 0.364531997449093 1923
"959" 90 2012 "female" 88 0.398860018895688 1922
"960" 91 2012 "female" 60 0.436420714194466 1921
"961" 92 2012 "female" 96 0.477518504625601 1920
"962" 93 2012 "female" 84 0.522486478857336 1919
"963" 94 2012 "female" 55 0.571689092557317 1918
"964" 95 2012 "female" 75 0.625525122226654 1917
"965" 96 2012 "female" 80 0.684430897196872 1916
"966" 97 2012 "female" 84 0.748883835984412 1915
"967" 98 2012 "female" 54 0.819406315664049 1914
"968" 99 2012 "female" 86 0.896569905621661 1913
"969" 100 2012 "female" 54 0.981 1912
"970" 50 2012 "male" 57 0.0109 1962
"971" 51 2012 "male" 54 0.0118666588926522 1961
"972" 52 2012 "male" 81 0.012919045254547 1960
"973" 53 2012 "male" 79 0.014064761766463 1959
"974" 54 2012 "male" 81 0.0153120853476178 1958
"975" 55 2012 "male" 78 0.0166700269500329 1957
"976" 56 2012 "male" 51 0.0181483966557212 1956
"977" 57 2012 "male" 63 0.0197578745469719 1955
"978" 58 2012 "male" 91 0.0215100878617185 1954
"979" 59 2012 "male" 59 0.0234176949913754 1953
"980" 60 2012 "male" 50 0.0254944769279654 1952
"981" 61 2012 "male" 96 0.0277554368211705 1951
"982" 62 2012 "male" 100 0.0302169083645312 1950
"983" 63 2012 "male" 80 0.0328966737938002 1949
"984" 64 2012 "male" 95 0.0358140923498972 1948
"985" 65 2012 "male" 85 0.0389902401345115 1947
"986" 66 2012 "male" 90 0.0424480623687016 1946
"987" 67 2012 "male" 68 0.0462125391544412 1945
"988" 68 2012 "male" 78 0.0503108659366138 1944
"989" 69 2012 "male" 99 0.0547726499691516 1943
"990" 70 2012 "male" 59 0.0596301242046387 1942
"991" 71 2012 "male" 57 0.0649183801525627 1941
"992" 72 2012 "male" 73 0.0706756213884391 1940
"993" 73 2012 "male" 89 0.076943439545215 1939
"994" 74 2012 "male" 89 0.0837671147807776 1938
"995" 75 2012 "male" 76 0.0911959428922142 1937
"996" 76 2012 "male" 100 0.0992835914399725 1936
"997" 77 2012 "male" 58 0.108088487454642 1935
"998" 78 2012 "male" 51 0.117674239527244 1934
"999" 79 2012 "male" 97 0.128110097332299 1933
"1000" 80 2012 "male" 54 0.139471451903383 1932
"1001" 81 2012 "male" 65 0.151840380275266 1931
"1002" 82 2012 "male" 80 0.165306238427264 1930
"1003" 83 2012 "male" 86 0.179966306811357 1929
"1004" 84 2012 "male" 63 0.195926493128511 1928
"1005" 85 2012 "male" 66 0.213302097430239 1927
"1006" 86 2012 "male" 82 0.232218645072654 1926
"1007" 87 2012 "male" 55 0.252812793540464 1925
"1008" 88 2012 "male" 52 0.275233319692037 1924
"1009" 89 2012 "male" 69 0.299642194557588 1923
"1010" 90 2012 "male" 57 0.326215753455104 1922
"1011" 91 2012 "male" 94 0.35514596987718 1921
"1012" 92 2012 "male" 54 0.386641842351618 1920
"1013" 93 2012 "male" 64 0.420930904294796 1919
"1014" 94 2012 "male" 70 0.45826086776532 1918
"1015" 95 2012 "male" 94 0.498901412992832 1917
"1016" 96 2012 "male" 70 0.543146136609923 1916
"1017" 97 2012 "male" 58 0.591314672661637 1915
"1018" 98 2012 "male" 73 0.643755001715226 1914
"1019" 99 2012 "male" 84 0.700845964751683 1913
"1020" 100 2012 "male" 83 0.763 1912
"1021" 50 2014 "female" 67 0.011 1964
"1022" 51 2014 "female" 82 0.0120358713050019 1963
"1023" 52 2014 "female" 73 0.013169290733688 1962
"1024" 53 2014 "female" 57 0.0144094444044385 1961
"1025" 54 2014 "female" 51 0.015766383493491 1960
"1026" 55 2014 "female" 57 0.0172511056975422 1959
"1027" 56 2014 "female" 75 0.0188756443676912 1958
"1028" 57 2014 "female" 74 0.0206531660371378 1957
"1029" 58 2014 "female" 85 0.0225980771330751 1956
"1030" 59 2014 "female" 96 0.0247261407376544 1955
"1031" 60 2014 "female" 79 0.027054604344343 1954
"1032" 61 2014 "female" 72 0.0296023396451144 1953
"1033" 62 2014 "female" 82 0.0323899954814138 1952
"1034" 63 2014 "female" 74 0.0354401651985355 1951
"1035" 64 2014 "female" 85 0.03877756975978 1950
"1036" 65 2014 "female" 84 0.0424292581044951 1949
"1037" 66 2014 "female" 54 0.0464248263738556 1948
"1038" 67 2014 "female" 74 0.0507966577811622 1947
"1039" 68 2014 "female" 93 0.0555801850707538 1946
"1040" 69 2014 "female" 89 0.0608141776927074 1945
"1041" 70 2014 "female" 82 0.066541056020813 1944
"1042" 71 2014 "female" 92 0.0728072351604934 1943
"1043" 72 2014 "female" 97 0.0796635011331553 1942
"1044" 73 2014 "female" 82 0.0871654224858665 1941
"1045" 74 2014 "female" 72 0.0953738006623643 1940
"1046" 75 2014 "female" 90 0.104355162785557 1939
"1047" 76 2014 "female" 54 0.114182300845408 1938
"1048" 77 2014 "female" 100 0.124934861662212 1937
"1049" 78 2014 "female" 81 0.136699992406782 1936
"1050" 79 2014 "female" 90 0.149573046909343 1935
"1051" 80 2014 "female" 58 0.163658358481624 1934
"1052" 81 2014 "female" 64 0.179070085515699 1933
"1053" 82 2014 "female" 91 0.195933136712967 1932
"1054" 83 2014 "female" 80 0.214384183442056 1931
"1055" 84 2014 "female" 51 0.234572767430591 1930
"1056" 85 2014 "female" 92 0.256662512768431 1929
"1057" 86 2014 "female" 86 0.280832452045386 1928
"1058" 87 2014 "female" 93 0.307278477371489 1927
"1059" 88 2014 "female" 51 0.336214928040017 1926
"1060" 89 2014 "female" 80 0.36787632770092 1925
"1061" 90 2014 "female" 72 0.402519285124089 1924
"1062" 91 2014 "female" 72 0.440424573957718 1923
"1063" 92 2014 "female" 68 0.481899408337763 1922
"1064" 93 2014 "female" 82 0.527279932791807 1921
"1065" 94 2014 "female" 100 0.576933946617476 1920
"1066" 95 2014 "female" 91 0.631263884815889 1919
"1067" 96 2014 "female" 96 0.690710079739963 1918
"1068" 97 2014 "female" 62 0.755754329892526 1917
"1069" 98 2014 "female" 69 0.826923804798582 1916
"1070" 99 2014 "female" 52 0.904795317599841 1915
"1071" 100 2014 "female" 85 0.99 1914
"1072" 50 2014 "male" 82 0.011 1964
"1073" 51 2014 "male" 53 0.0119755273228601 1963
"1074" 52 2014 "male" 82 0.0130375686055062 1962
"1075" 53 2014 "male" 69 0.014193796278082 1961
"1076" 54 2014 "male" 98 0.0154525631948436 1960
"1077" 55 2014 "male" 88 0.0168229629770974 1959
"1078" 56 2014 "male" 94 0.0183148957076085 1958
"1079" 57 2014 "male" 51 0.0199391394510725 1957
"1080" 58 2014 "male" 91 0.0217074281173306 1956
"1081" 59 2014 "male" 88 0.0236325362298284 1955
"1082" 60 2014 "male" 76 0.0257283712117082 1954
"1083" 61 2014 "male" 73 0.0280100738562271 1953
"1084" 62 2014 "male" 74 0.0304941277073251 1952
"1085" 63 2014 "male" 74 0.0331984781405323 1951
"1086" 64 2014 "male" 67 0.0361426620044834 1950
"1087" 65 2014 "male" 100 0.0393479487595988 1949
"1088" 66 2014 "male" 62 0.0428374941335521 1948
"1089" 67 2014 "male" 66 0.0466365074035646 1947
"1090" 68 2014 "male" 97 0.0507724335140139 1946
"1091" 69 2014 "male" 80 0.0552751513450154 1945
"1092" 70 2014 "male" 91 0.0601771895643142 1944
"1093" 71 2014 "male" 53 0.0655139616218522 1943
"1094" 72 2014 "male" 99 0.0713240215846633 1942
"1095" 73 2014 "male" 81 0.0776493426603087 1941
"1096" 74 2014 "male" 57 0.0845356204209682 1940
"1097" 75 2014 "male" 56 0.0920326029187483 1939
"1098" 76 2014 "male" 60 0.100194450077036 1938
"1099" 77 2014 "male" 94 0.109080124954226 1937
"1100" 78 2014 "male" 98 0.118753819706393 1936
"1101" 79 2014 "male" 81 0.129285419326174 1935
"1102" 80 2014 "male" 97 0.140751006508001 1934
"1103" 81 2014 "male" 69 0.153233411286965 1933
"1104" 82 2014 "male" 86 0.16682280942201 1932
"1105" 83 2014 "male" 62 0.181617373846323 1931
"1106" 84 2014 "male" 86 0.197723983891157 1930
"1107" 85 2014 "male" 86 0.215258997406663 1929
"1108" 86 2014 "male" 92 0.234349091357724 1928
"1109" 87 2014 "male" 73 0.255132176967441 1927
"1110" 88 2014 "male" 100 0.277758396019487 1926
"1111" 89 2014 "male" 61 0.302391205516832 1925
"1112" 90 2014 "male" 99 0.329208558532674 1924
"1113" 91 2014 "male" 72 0.35840418978431 1923
"1114" 92 2014 "male" 78 0.390189015217229 1922
"1115" 93 2014 "male" 90 0.424792655710345 1921
"1116" 94 2014 "male" 95 0.462465095909956 1920
"1117" 95 2014 "male" 92 0.503478490176252 1919
"1118" 96 2014 "male" 76 0.548129128688913 1918
"1119" 97 2014 "male" 56 0.596739577915414 1917
"1120" 98 2014 "male" 89 0.649661010905274 1916
"1121" 99 2014 "male" 59 0.707275744244818 1915
"1122" 100 2014 "male" 51 0.77 1914
